2333 1891
1446 2907
3981 2080
1358 2482
772 1567
3255 2557
1847 887
2605 4453
687 3363
1543 2639
2800 9
3801 2093
1428 3077
2269 2968
1698 4388
2061 794
1131 2976
3360 4833
3143 2240
3544 4925
3597 3015
1670 4274
2107 3687
4440 4789
1487 3125
4500 1068
2522 3298
669 3142
4353 2980
471 1551
3388 3997
2371 3574
3874 4943
662 1523
4757 1900
1991 4322
4892 111
947 4424
4560 448
3395 4103
1027 3701
3414 1928
4974 3803
4069 3970
4422 2586
4136 1427
677 4490
4654 2839
205 2554
548 2257
391 1352
1098 1382
2154 4824
260 4257
3680 4154
3900 1490
3116 3910
3071 4798
2448 1997
4375 4535
3230 4394
4050 2365
4336 4769
1848 4875
2207 1304
3772 3028
3263 4219
1423 4613
3704 342
232 4740
3822 4060
543 719
3660 2631
2559 1691
2624 1975
3077 387
4046 534
1233 3974
4027 2441
4671 3208
3601 3352
3479 1205
1280 4465
3165 262
1233 4674
2576 2870
147 3930
1476 4004
4279 4786
191 4215
1618 1850
1976 2380
1106 3267
2077 1143
1692 3101
1190 2726
4068 937
461 4891
1279 2963
2517 4486
1655 4314
4767 3571
2751 4069
979 3102
3957 3424
2449 3488
4780 3085
2885 2456
4155 4960
2058 4772
3907 1047
3196 4443
3454 2024
665 1229
4128 4316
2628 4959
2491 2803
2128 4121
2728 4493
4952 4368
3463 4110
2119 1995
2760 840
1900 3389
3217 4592
2061 3796
1391 3715
3327 1491
832 3135
439 2428
2041 3856
3218 2131
1495 4647
2407 4980
3380 3794
1547 3086
2455 4628
4297 3317
3659 3776
3658 1235
4296 3521
1810 4529
3504 4078
4319 2820
1942 920
3317 1253
4312 3627
1969 1611
1972 4592
2536 2302
4767 3435
346 4493
1412 323
2195 2317
1824 3791
3989 3258
1965 3590
2954 3029
1708 3454
3129 1644
2433 4118
3637 2212
4063 1096
556 2471
4956 3025
1080 3486
952 4980
4695 538
775 2908
1444 3016
1905 3465
4379 2801
541 1907
3426 4485
3029 4240
651 1883
4622 4051
4365 2421
4100 2350
1124 4467
1783 2417
1282 2826
2224 4499
2108 2519
2163 774
3793 2761
2037 2618
4713 4537
2597 1440
3770 4179
4864 3579
2031 570
2127 2741
4481 1697
2795 3894
1699 2559
1088 2374
1765 4796
3691 899
297 4196
1918 250
3949 4944
3568 1453
3352 1372
1325 2534
3037 4042
2743 1412
2531 2040
2749 4061
2070 831
1744 4124
4541 1255
3201 954
2051 4799
3475 1213
1892 4634
1636 1252
4932 1709
1845 2169
711 2158
4715 2737
1230 2247
2743 956
2080 2071
2843 3042
650 3608
212 4979
397 1536
2432 3583
1352 3683
1963 4532
352 4699
4198 3282
2394 4380
1487 2566
4859 545
1548 4768
4261 3664
4422 2857
3981 4531
1760 4355
1514 3120
2560 3265
4569 3346
1830 4633
348 1841
4916 660
4598 4794
3954 3467
2983 3678
3611 1625
2083 4464
4214 623
3080 2930
2265 1525
2131 2944
1323 4595
1901 2629
1492 2890
4387 4990
4093 108
2425 3261
3969 3902
662 3809
1481 4655
1687 3405
1789 3019
1218 2648
1265 1567
2331 449
2264 3736
2439 3722
2838 3418
1387 2837
157 2823
2904 1517
453 1056
1624 4291
1431 535
1339 3630
4855 3453
4711 3763
1734 541
2412 1190
2228 1536
3932 3892
1058 3756
951 2691
4535 2360
3077 3351
2177 4620
2196 4027
2689 3587
2375 869
930 2383
3728 1871
1225 1986
3204 2166
4495 3659
1495 1477
4882 1393
883 951
4634 2435
4004 460
1384 4388
489 1878
1416 4376
2248 2148
1896 1921
2389 3705
1645 1890
3138 2877
425 4673
710 2146
3349 2706
4862 779
3483 2717
1362 3131
3556 4320
1891 3423
2830 1547
2865 2021
1968 236
3849 2679
1364 3130
4848 621
563 3771
2474 2304
425 3826
3305 4003
4515 3678
2024 2140
3666 2326
4534 4873
2607 4083
4116 266
1428 2193
3457 2849
3096 1937
2985 3248
2199 2627
2055 4327
4015 1012
4103 3402
4473 2832
3990 1925
1330 3809
1139 2652
4982 3464
4566 2560
4227 2287
2637 2459
2601 4521
920 4864
2447 1077
2192 1426
3159 3687
3336 3065
2525 2930
1071 2871
2792 1229
2267 4857
4433 1017
640 2066
1036 2798
3035 3364
3432 4767
2249 4401
3551 1886
988 4456
2308 3849
4059 4875
3143 2234
3455 83
4343 4461
4105 1346
2564 1959
4776 426
4307 2907
4625 2732
2149 2497
3586 3831
4987 2671
1280 4367
1430 3965
2849 2117
4288 923
4923 1923
743 4243
1211 2999
4399 1092
2680 704
1558 3867
886 4313
1829 3991
2773 2687
1418 3915
4825 4796
833 2953
1451 2465
3401 1819
3123 2964
1204 4409
1356 2680
3729 3662
1229 4133
4236 1323
1993 1277
475 2801
691 1643
694 839
3232 2905
155 1000
3654 1549
4933 1727
2069 1767
2810 4819
3176 3089
968 4757
3329 3909
2359 3697
2772 2441
2406 2745
2160 2248
3748 2938
1026 2710
4576 3068
3423 2539
1368 1231
237 3632
4453 4015
1750 503
2322 1305
3103 3967
3068 500
2919 1737
2691 3070
1898 1277
3558 1248
4948 3418
3444 4072
2829 4497
3561 2256
270 1738
3595 3811
2839 3869
2346 2939
1145 3526
1147 3674
4304 3056
3100 4062
4446 1830
4455 3380
4335 1128
4699 2887
857 4537
3829 1868
2281 831
2422 3670
1955 4099
1730 3148
3280 1891
3772 4266
3926 2012
2040 2002
3306 4357
2151 4704
1140 3532
4796 4360
463 3378
202 4994
4825 863
2755 4900
791 3284
958 4251
839 2548
2726 2656
2071 4920
4804 994
2915 2255
3433 522
1165 4329
4325 850
1595 4981
4665 2718
1186 4089
4394 667
2366 3508
1246 3331
389 1210
4141 994
4307 582
985 3779
2595 4704
4169 4497
2870 4708
650 1002
433 1755
3157 1303
369 3236
3075 4727
3453 2474
3448 1709
4893 3292
1407 335
3806 2285
1957 3030
4141 2140
2860 4642
4822 3534
2198 4545
3364 1547
3513 2352
3574 4964
3617 4335
4369 2570
4150 1642
283 4810
2870 3924
2406 2158
1685 2391
3648 2986
3527 3010
1732 3485
3045 1276
504 4689
2078 1544
1510 4220
1861 4694
1985 3963
1127 1395
3838 2383
810 1549
1229 4679
531 3232
2884 4396
4596 4976
635 4148
1884 4258
4357 874
1129 3881
485 2856
959 1151
1405 4728
130 2536
1956 3384
2183 2961
3511 2517
1507 3602
3341 2723
1290 1383
3945 1464
1595 1986
2761 1339
3571 2370
4974 3795
2252 3644
2856 3461
1436 3300
3231 733
2255 4429
3158 3457
2738 2434
992 1665
4712 928
2374 1130
1612 2192
1542 2989
2858 1255
1008 4911
735 4550
4325 3792
2783 4760
2576 3649
1139 4915
1829 3827
1455 4190
1861 695
1944 4381
2784 3172
3012 534
1866 4864
3746 674
1363 4558
3806 3672
3000 606
4305 3850
2610 671
1156 3406
3477 3450
3388 4872
3777 4735
970 2387
4700 3956
276 4461
1543 3482
4242 935
412 2453
270 3417
2385 4498
2657 2922
2158 2700
4928 3852
4926 1119
4066 657
223 3708
2750 4416
2900 3487
3630 1946
2102 2922
122 3794
2748 1952
2155 567
3216 4791
3440 2368
4166 4045
2618 2083
4309 1153
4486 848
4979 529
3810 1923
4152 4494
3721 2671
2547 2188
3229 4388
4389 718
3973 216
1783 4651
1932 780
3698 2654
3556 4169
1768 2148
3838 1112
2403 289
4941 3847
2466 4020
2400 4277
1689 1345
1486 4425
2699 3551
3432 4502
1811 3086
1406 4618
1204 2814
1015 2183
2849 2314
1872 2611
1087 4510
948 4368
4009 3104
4737 2368
4848 4794
1549 2423
2856 3301
3995 4185
2599 1824
1683 2068
2060 2302
2167 4453
4810 3088
4052 2928
1861 826
1058 4515
871 1830
1306 3676
4861 4830
3742 4028
689 2518
3019 4089
2117 4163
1733 3692
3289 3900
3268 320
2738 3766
2900 2787
3820 3985
3153 3225
2944 4530
1583 4257
1488 950
1561 1033
3173 2090
4836 2472
1388 470
2316 1780
4432 2519
2203 1697
4831 3986
2655 4087
4212 2195
2153 4830
4113 4565
2688 1001
4439 640
4635 1051
1331 3657
3912 2430
4859 4638
2062 4073
3829 1167
3913 2266
2028 4832
4648 3887
665 3305
4811 766
4720 3053
1150 3538
2374 3483
182 210
3293 4144
1450 3436
4925 3952
4370 3042
1828 4276
3127 3573
1812 4863
2072 4470
3267 2566
3514 2175
264 2147
2494 4077
4724 3768
3670 3997
2283 3519
3180 2448
2093 3577
2441 2415
1349 1490
2723 2419
1262 4823
2528 2898
1375 3703
1020 3699
2667 2710
1965 877
1486 3933
2208 508
2427 133
3337 4026
3454 614
4144 4226
3635 4953
3499 3105
323 3729
557 2925
1652 3533
3779 2740
3793 1571
4675 2737
3259 2322
1919 228
3940 820
1264 3283
4813 995
3406 2471
3709 1969
2676 2308
997 4101
2302 2862
3755 121
2185 209
3607 1554
2176 1429
449 4369
3058 1066
3404 872
2815 2870
2716 1990
1173 3251
2139 119
1312 4340
3271 4229
1779 3357
2412 4616
4754 3818
4478 922
4785 4126
1476 3248
2487 1486
861 1029
261 3617
1677 3676
2873 4262
3097 3606
3542 3440
1137 4336
3110 3095
3828 1047
4773 2688
320 1899
3627 3381
1149 4932
4491 1565
4983 4451
2865 1915
4349 3220
2214 1543
1697 2516
2327 4221
3555 2786
1765 2587
4255 4938
401 3078
1867 851
2242 2227
1121 3560
3040 4843
2614 3752
166 3810
3062 3510
4537 387
1314 1297
2283 3840
3592 2578
938 4411
4487 4976
3150 3219
4437 1614
4863 2320
4708 2485
1079 4810
3217 3312
2364 3579
1688 4730
3341 2179
4914 3960
4105 1273
733 2931
4528 2993
4276 2019
1107 4534
114 3019
4814 2265
3594 2992
3012 3954
1243 963
2314 2271
1828 4170
4193 4861
3404 78
4729 4789
1673 2716
4446 275
2433 2135
2269 2921
3627 3973
1951 4796
2813 770
2741 4803
691 3355
548 4153
3191 982
2829 2385
682 4395
4882 130
3636 4013
4403 1550
3511 886
1695 1795
1705 2996
262 108
1612 2579
4469 3414
4392 2685
1343 2315
3585 3704
1878 3357
1021 1368
4554 4524
1220 3993
1495 2784
3080 4661
1128 3510
3531 2922
4335 4766
1641 4262
1395 1859
3628 4856
2117 1400
4836 3660
877 2379
3455 577
4024 1412
2126 4020
2861 3220
1328 2625
150 3339
425 3364
1140 4796
2214 4806
1619 3468
3708 2988
3489 3953
4573 2991
885 2486
4207 1122
2813 2403
4060 1137
3668 914
1800 4190
3048 4286
2468 1281
4362 4266
4502 3744
2889 3416
3059 2182
2864 56
4802 987
3051 2366
3894 3625
1500 3620
2680 1417
2549 2096
3454 95
3000 4895
4510 1667
3405 2085
2562 2256
2159 4697
1585 4042
1515 3479
2451 2964
1771 2796
3467 2536
4614 1272
407 3262
2402 4069
2997 3959
3240 1247
614 3390
190 4294
3193 719
4970 2682
2620 1158
3847 3077
4713 1934
891 1173
3249 4786
1291 3708
4873 1884
628 3478
2797 2002
3110 4818
703 4944
431 4653
1882 3366
4043 338
2358 1230
1371 3911
4560 4519
1634 2641
646 3629
4212 2298
2777 1556
1049 535
2656 3710
2542 934
3419 2323
118 4883
1932 3424
2030 2442
4617 2681
3163 2351
601 2830
2577 2120
1311 3164
344 4326
687 3371
2301 4653
690 4406
1997 748
4503 4961
3551 4515
4227 1393
2233 1226
3450 1102
1523 3373
3673 2438
4837 4020
1305 4636
4601 4078
3838 520
3040 1248
1040 4527
4699 2215
2318 3826
761 3301
3391 4004
2367 1701
4885 4384
4994 464
1834 3070
2617 3683
1470 3559
2118 1026
2912 4950
3609 3857
4588 1653
3602 2349
1289 3389
2370 610
4044 1647
4659 3886
2063 4756
2166 2286
463 1342
2662 3951
2605 4453
1371 2559
3179 2978
3576 1680
2567 3571
1782 1893
1869 4500
1582 4008
4110 371
948 2333
1146 3819
2425 4459
1545 3958
4384 3546
1675 4755
4019 2093
272 3150
4780 2833
2996 1591
3065 4130
2188 215
801 4925
4407 2721
1416 4621
854 748
1008 1910
354 4078
4694 3925
4617 3117
4997 462
3347 2044
4319 968
374 1043
1170 1021
3433 2983
2745 4988
3999 2951
4399 3872
2108 1549
851 2475
3688 3896
4738 2611
1128 4848
4671 399
3440 3217
4729 603
1539 4344
4895 3289
997 474
689 2641
4842 4843
4655 4792
3770 2726
2583 2440
1225 2747
2018 680
3490 4198
2193 2057
1662 3315
1942 185
4688 3020
2242 4839
1050 1514
1968 4661
3944 447
930 4876
2884 2401
861 4296
4495 2285
1088 3779
4984 4336
1213 4482
4968 4302
4033 4947
2480 4639
3908 535
3728 1495
4482 3814
4854 3777
3980 3058
760 4481
747 4942
4790 3653
4532 2370
4728 927
3389 2884
2692 2625
4986 3947
2032 2347
3681 2823
2175 2899
417 4695
1798 3313
4868 2226
1577 4171
3157 3185
430 3351
1649 3330
2352 4728
2467 2716
3605 1172
891 1119
1107 3187
1294 4819
4148 1101
1379 1165
2903 757
1925 182
1365 3130
4630 2802
3707 1926
1547 3919
1544 3757
1135 1809
3962 2211
3734 2146
964 4654
3399 3256
4295 3351
1713 4650
4095 74
3850 2598
4365 3037
2690 1178
3148 4266
1416 4621
4724 3049
4030 2392
4134 4064
2164 2485
3791 632
4109 641
2491 137
3287 1957
1069 1562
2791 1148
1151 3247
2384 2154
769 3579
4982 1330
573 2884
3622 4478
3753 3026
3504 4373
1994 4039
1125 4535
4138 2922
2053 3733
2734 2264
2654 1192
2174 470
3881 4386
3435 2493
2954 2409
1876 2840
602 3571
3281 3073
3745 2716
4256 4776
1082 4602
2853 910
2895 3838
2276 1837
3316 2782
778 3356
2932 4751
3199 661
3519 4923
1749 2482
2321 4459
2793 669
4972 1962
2264 1958
2051 1649
2730 2589
4728 2932
2160 4824
3617 4586
3494 4322
3149 2482
3597 800
1869 3958
3854 2334
1320 2521
4441 3617
753 2545
4054 2156
4652 2845
1720 723
1217 4842
2931 230
385 3037
1778 1022
2927 4512
1857 3056
2443 540
3500 2414
2215 4843
3516 3296
557 1286
2757 4039
3796 4263
731 3125
3464 1681
3245 2089
3389 4863
3444 4151
4450 2605
1814 1438
1815 1787
1670 1901
3497 3508
1271 3352
4731 926
3041 313
3628 4856
1531 3685
362 3329
763 2679
3111 3729
4106 3868
2626 4001
2990 1456
488 4278
4873 3759
4481 3751
1507 1027
4065 4475
3071 3848
2282 1284
2888 3430
1517 1390
399 2074
4497 430
3834 3275
4319 1344
3723 1791
4494 2266
2400 213
4270 4001
3940 4951
2272 930
4064 1762
2620 2298
4517 3773
2180 660
3375 2350
3141 2375
1157 2784
1388 2093
833 2952
3173 1167
659 915
1954 4793
2395 897
1337 4567
1502 358
3862 4463
1413 1653
1013 4626
1347 2536
880 3390
2398 4787
1432 3864
4502 3475
1524 3333
4274 3657
3733 4910
4372 384
3427 1692
4613 2558
2432 4644
4495 3792
2824 3895
4515 4411
1297 2177
3220 2731
2085 2572
4169 810
204 4986
294 3106
3299 3288
4818 3946
2628 3476
3816 4261
4786 2832
3161 1384
4784 4861
4595 1536
4764 3439
3243 650
448 3968
1388 3032
2590 3002
1813 3022
1704 2142
2710 1904
3740 3817
2511 4392
3631 3036
1648 3319
4790 3372
2015 3899
506 3137
2621 4963
4058 2283
1581 1920
3570 360
2889 3288
3025 409
2352 4379
2244 3519
1858 2838
1309 4474
828 2868
4734 408
2588 4780
3313 1924
1829 2673
4308 916
1464 2895
4206 477
567 4368
1588 3819
4332 4468
1962 3108
367 3114
4823 4033
4498 3193
1539 3624
319 4460
1041 3497
4053 2432
1755 3845
478 2359
3832 3737
3538 2329
4543 3791
3924 1529
1136 279
2408 1567
1620 3861
3542 1809
4691 2502
2811 4409
1691 3083
3324 4676
2201 1155
4508 3815
895 2712
747 4935
2219 2363
908 2300
2680 816
4983 3707
1788 2518
559 1059
1391 3998
3454 2209
3880 4932
4903 2676
4276 191
4454 3899
3109 2403
2776 1701
2924 1221
4666 3951
534 3073
3380 3750
2142 2342
1160 2515
2500 3953
3433 1903
4644 2281
4704 4427
2860 1507
1914 3796
611 4673
1023 2732
4896 620
1428 2562
1573 3380
650 4279
4549 4522
3107 4301
2833 2240
2588 4113
1943 4083
2287 2916
2215 1565
4099 1752
4545 1776
4720 3704
3990 3844
3748 822
2837 4729
2282 4858
4235 4649
1505 4120
4954 4084
1457 2396
4435 4627
2685 2440
2380 819
2960 4541
4128 1332
4801 2271
2466 3581
3905 3124
1507 2345
2366 4645
3495 1595
2036 3899
4098 1760
1161 3292
4277 2392
4869 2281
1079 4691
3251 284
2175 1615
3614 2365
190 1358
3294 1434
378 1728
1487 3283
4470 3851
2646 4855
4214 2017
4130 2100
2228 2381
2876 952
4388 4989
4248 2059
1179 4280
4974 40
1300 4284
1808 2685
409 4699
3204 3628
2561 2153
2694 1725
411 1735
391 1207
3956 245
1602 4251
2653 4009
676 3714
2411 536
919 4982
1108 4443
4470 237
2938 4787
4901 2661
1566 3956
4144 4233
3267 2609
1871 868
4966 4112
4477 2744
668 4358
1767 4038
346 3891
363 4585
3222 397
2816 669
583 4592
3918 214
3127 3686
526 3034
1532 3080
1825 3310
3616 4581
2209 4980
4486 1999
2686 1559
1379 2433
4662 2547
2929 4258
1349 4800
4196 4595
4063 1082
3699 3590
2924 1276
3411 2965
1876 3560
363 4448
3373 2520
1271 4090
2452 417
547 3702
1890 2370
4387 3385
2482 2759
4765 3458
210 1776
3662 4264
2284 2694
4413 3803
2035 4804
300 4297
3787 3930
1520 3454
3607 3902
4560 3707
1027 1466
4849 3449
497 3867
1530 1787
2592 785
4554 379
2744 2774
2278 1728
3396 1019
4452 435
2139 4105
4179 3572
4185 2929
4072 3075
1281 2836
2698 3966
4747 2068
475 3030
1982 3066
1623 4507
1060 3923
903 1709
2217 2591
4024 2892
1667 3879
4502 1276
1541 3535
946 4431
2170 561
3028 2124
689 3365
1127 4220
2574 405
3087 4075
361 3986
3045 1130
1291 4495
4863 2324
629 3606
3312 4965
2514 2257
3416 577
3547 4072
2252 2509
2509 3686
3986 1769
4609 1044
867 4542
1001 2357
4877 418
2441 2781
1397 4806
1830 928
969 4014
1029 2063
2880 3482
2745 1945
4315 908
2412 4033
875 1030
2637 3336
4313 1305
4360 608
4663 2698
4577 3777
2081 4619
3402 3069
2225 3235
2457 2181
2719 3266
4392 2867
608 3359
3691 1813
3819 3114
1524 2522
4840 983
3793 1152
4301 2381
4682 2887
1335 1584
3049 800
3570 867
4449 3245
2658 4547
1433 4414
4917 4687
1001 4578
3247 2322
3368 1540
531 3861
274 4664
4182 1765
4956 4370
4933 1706
1260 4794
1008 138
2571 1011
4345 1051
258 2913
2492 1504
4280 1142
1362 3131
340 2459
4072 2731
2417 3888
88 2585
4069 469
3641 3850
3363 1232
1169 2460
614 3416
1111 4646
2174 3643
3366 1141
2240 4253
2781 1820
3609 2663
1566 1061
909 3544
2929 1289
3006 2412
2774 608
4161 3210
1532 3785
4251 3872
2054 4460
2385 1847
2479 745
2226 3152
2576 216
982 92
2205 2282
1354 1438
2481 1946
2082 1114
1721 2723
3950 975
1940 3210
2495 3622
2427 4436
2990 3594
4508 2645
3416 4650
753 4322
2850 2971
4401 4749
1232 969
878 3942
4574 4868
410 1206
3285 3711
3678 856
1603 4980
3782 4852
1314 4592
3310 4765
1010 3684
4278 602
2451 2596
2353 2275
3820 3651
4797 2845
556 4817
1983 2958
3713 3359
2209 4980
1950 4690
1813 4865
379 3093
4204 1601
3716 2532
4184 4970
2282 2572
3178 313
4788 391
4536 2883
2120 4649
3497 4852
4535 3955
2223 1605
2514 4484
1933 1613
2953 2005
1723 3976
1073 617
4521 948
1987 4302
3031 4298
1677 2051
4412 3725
1363 3068
2906 4079
4301 4799
2767 1903
602 2262
2230 2153
4127 696
2574 784
4930 1714
1151 2976
969 1924
66 4670
3442 2361
3552 4317
2881 4293
2066 4602
4184 2376
1892 855
4490 247
4527 480
3407 837
856 2954
2747 3601
3058 439
2522 2326
2136 1469
1963 4423
699 1845
3572 1105
1498 3455
1145 4390
540 2197
1450 1550
1812 522
3234 2868
1586 3594
2357 4732
1495 1696
754 1548
3064 4592
3318 4571
4195 3990
4132 4039
4345 3635
1764 4231
4353 1144
1041 2967
2469 4333
1345 3446
2154 3370
3850 4538
2992 4610
1950 965
3780 431
4121 875
1352 1761
2891 4520
3330 2013
2940 1944
1455 2272
2197 879
3337 292
3595 1551
3262 2663
2355 510
3088 2276
607 4680
3868 4460
4222 295
96 3634
3199 743
1512 3518
2291 3355
1705 1785
883 4345
3036 2227
4623 4787
3462 2980
596 3351
3879 2455
1758 3460
2198 4971
4725 2650
4640 831
3212 4038
4983 528
1830 4145
1627 2640
1664 2583
2885 4401
921 2206
3227 2149
1951 2086
2789 3857
4964 2241
4586 3079
2307 213
3814 2436
870 2435
4403 4284
1366 4347
3722 2102
1299 4648
797 1571
4689 4576
1757 1459
2988 1676
2907 4956
4404 3270
3702 2789
543 1727
4021 647
2602 3889
3878 4686
4043 1005
3311 1136
1728 4244
2265 4138
3462 2764
1258 4928
2832 4892
4029 4903
2118 2586
2609 3262
3611 4516
2623 4962
1212 250
3903 1034
3125 2511
2011 4409
3828 3264
485 1822
1611 4820
62 2590
1497 3400
4354 1609
1995 4519
4503 2353
3817 3238
2527 4076
4948 4390
3824 3578
4560 4845
4424 2725
3705 3493
4469 4685
1026 3978
1313 3547
609 4049
814 4395
4377 2912
2385 3575
1800 1980
546 4046
2321 278
2322 3222
1363 3132
249 3723
927 3879
1845 1126
950 1532
3204 1310
3277 2605
4403 4539
581 1089
912 1483
1446 3893
3294 2888
1465 222
1814 985
4183 71
4830 698
4148 168
2060 883
1874 4073
2831 1013
2142 3516
1690 2704
4040 1969
1652 4445
4393 3634
4694 3936
1034 3030
4226 4884
627 4726
4615 1877
4357 957
3815 1410
4617 3049
3311 2782
4501 974
4573 1995
1169 3192
2756 2877
2119 2919
3298 4635
2919 4189
744 4345
3468 4112
3890 2052
3320 1550
4725 936
2431 1237
4299 1950
437 4902
3940 4092
1991 2212
1075 4149
1794 1175
867 3178
4840 4836
4455 1977
534 4170
964 3889
4018 661
1990 2617
974 1091
3446 625
4195 3902
2018 4170
3302 4248
546 2451
2254 4810
3260 2300
1008 1543
3701 4186
251 3211
3725 3493
1363 4386
232 2087
3595 2866
1754 3627
1456 4216
531 3573
3423 88
3758 3040
1101 2494
3644 4390
3565 2016
3509 3420
752 1849
2592 1806
3731 3457
809 3932
2202 4044
1229 980
754 2557
4887 4675
4377 3526
4274 4087
1400 1873
2054 3181
2073 3665
3944 842
508 4752
3896 2975
4136 4085
1597 3691
3147 4437
4503 2380
3384 3799
716 2680
3561 3962
723 703
1777 4760
1424 3387
1922 1522
4212 216
3084 350
2504 1230
3219 4156
4000 1460
3803 4831
256 4284
2518 4481
617 1241
1801 1188
4965 2198
305 3539
2105 1583
1909 3900
2591 1311
3329 1856
1978 2424
2269 4151
3852 2039
4144 1618
3821 3139
2321 2492
302 4499
498 2637
363 4011
3471 1739
2193 1915
108 3416
4754 314
3924 4419
4566 1260
1393 4476
2020 1664
3469 1686
2012 4844
3703 3387
1578 3175
1871 2443
4819 1680
4782 2889
2577 4818
4650 1931
3299 2355
1263 1956
4718 2965
1880 3534
4723 3937
3190 2713
1383 3181
3252 4239
4009 795
3432 120
2774 1339
3788 949
1816 2208
3674 2922
4018 2105
944 4439
4624 4077
1399 4469
4990 4449
204 3090
3685 4131
3432 2557
466 2710
2434 1015
1162 686
4919 3939
3353 1531
4650 4812
4016 4760
2390 2117
2375 2066
976 4844
885 2010
2626 104
3499 2085
4452 2644
1622 4108
3702 1400
4625 634
2209 4980
4543 448
1424 3149
659 627
1364 3159
3635 3450
2841 523
4183 2216
1315 3473
4487 4976
1144 4648
260 4250
4346 882
4949 3722
4676 2657
712 3174
3279 3495
4375 1270
596 2667
1125 3145
3852 4385
1528 4959
1564 4381
4660 2081
3073 4480
1247 1630
2168 887
4856 1638
4235 1610
1589 2917
386 4848
1455 1666
929 1854
4538 3160
309 4803
4411 426
1765 1773
3904 3172
2767 4206
3648 1831
3843 4963
3016 4143
4763 969
2751 3409
4936 3038
3378 3675
4260 3873
1808 4865
3221 809
2362 1996
4985 3123
2281 2893
4066 1079
1581 3907
2890 4472
1408 2742
3405 2093
4694 2144
2095 4700
4424 4810
4144 3850
1377 4525
1785 1181
1227 1006
2597 4546
4723 4108
1186 3492
3995 3628
1074 1756
4633 4705
4639 2291
3878 860
3826 616
4082 3125
3986 1856
2005 4673
1783 1034
408 2503
4393 4645
1546 1675
1777 2451
3973 3854
1154 844
1825 3142
4043 3250
3811 3629
2913 3109
3159 4644
1219 4671
2427 2176
636 4882
1516 3496
539 3238
4119 2639
4551 3507
3927 3889
4619 2882
3832 3473
4212 4868
3514 3649
2908 1883
3441 4628
3467 1009
905 2173
4053 1145
1346 3212
2862 4412
4498 2530
797 2990
3750 1179
4212 3066
4840 3750
617 2705
4799 2827
3634 4528
2905 1343
3562 3489
1118 4701
1757 4369
3433 4649
2133 1164
3691 1523
3608 2866
1761 526
2803 3671
4537 1272
4883 1881
1935 3738
4673 4721
3702 1912
332 4072
1177 2457
461 2634
4174 917
2163 2609
1695 4717
2441 428
3901 3487
621 1990
1964 3292
2772 1891
2812 1928
4017 3028
366 250
2438 3924
1907 1039
3385 3801
1687 3760
4655 2245
676 2930
2231 4848
2846 3667
3554 4342
4770 743
4451 3001
4459 4781
1365 4595
773 4485
913 3323
4384 886
4645 820
797 2555
1461 2639
2206 4952
1475 1701
2961 178
3063 1023
220 3699
184 4920
582 3782
4587 1231
3205 172
4052 2149
3687 4558
2408 455
3987 1392
2785 3906
891 4184
2586 3393
2710 2625
1866 4862
1078 3427
1120 3513
1659 4305
1695 3200
4739 2386
2085 4623
3210 4105
3193 4622
4813 3364
2509 3371
1966 3878
1829 2929
271 4846
1262 3664
4689 4555
2001 4720
2388 238
4724 1734
2183 4761
2417 3983
3821 1711
1100 2990
3551 4976
4280 780
3943 242
3995 917
2917 4962
708 2162
4003 4379
2761 325
3776 419
4381 2522
800 1552
2318 2161
1601 2130
3379 545
831 2694
4127 2967
1103 2400
3419 2907
2876 4240
2622 2085
251 4112
3146 3047
4139 3787
4103 1768
4926 1082
3724 895
2674 3705
1245 453
823 3997
3998 1440
4673 2276
2805 2245
3763 4595
3820 4224
4315 2370
3558 4980
3994 1109
2024 4717
4719 2530
2023 146
3541 3135
4526 3874
2585 1902
3609 4085
2297 4673
3371 1338
845 2968
4256 4583
4984 1839
2979 1019
2696 2237
3513 3873
1888 3808
3193 987
2102 4710
254 2931
2561 1258
979 3759
2452 1461
412 3827
3522 256
158 3340
4894 1386
3133 483
2908 1440
1703 2363
2372 3567
1833 4665
1375 2448
3540 502
4309 2904
1805 2708
1296 4165
755 3941
1106 3842
3429 2243
2008 1428
4664 2714
3970 3393
3138 474
3486 3849
1912 3237
3672 846 26
2201 3799 1060
2140 2048 1982
4904 2548 15
140 2387 214
139 134 374
4347 2930 235
1697 2975 832
2682 3712 1034
485 523 3766
2422 692 293
3917 189 112
4138 2445 462
4676 4068 250
4480 4950 35
2192 4839 154
2106 4623 96
2933 3725 912
1753 4165 282
3853 3779 403
2764 2300 1559
2424 1202 1830
998 2857 1746
2244 3375 623
106 1330 1338
3666 1638 363
1558 3749 185
2225 1089 2119
4683 2984 315
3844 4368 80
438 2719 2163
3225 949 592
3395 4407 456
4600 797 372
2843 4014 898
1713 3558 1272
299 282 1074
3087 4055 31
1924 2602 1237
2337 3450 1480
4344 402 179
4508 3626 452
3777 504 694
182 402 3112
4817 2219 80
1977 2248 1922
3303 1251 61
1965 3025 1847
6 1668 2052
1675 4656 284
2268 4850 25
344 248 2036
3511 4923 40
4487 1507 221
1424 3590 1221
3353 2053 89
740 2136 1229
3218 1588 1441
1052 4468 213
1686 3791 942
3375 3271 1335
3370 1809 706
4800 954 74
3793 4319 243
2432 1829 2018
1519 1164 596
2912 615 1264
276 887 3963
2366 333 886
166 1031 1996
4051 243 135
559 3336 78
1703 3465 1384
2002 1487 2350
3590 2735 1220
509 2558 281
3228 4140 228
4117 2895 141
3378 3792 18
3963 1366 188
2306 2281 1966
1888 924 1189
4333 4419 436
1338 2387 168
4733 4701 157
1153 3303 548
1089 3188 345
4117 3954 710
3903 3886 114
2531 3396 1540
2006 2461 2069
3496 4159 420
4644 112 198
4147 877 582
1617 174 1773
1795 4140 225
3338 1965 907
3026 4957 1
2662 3683 575
3240 2631 962
3962 3495 1028
4414 2668 312
2514 3061 1425
4412 203 122
1276 1437 620
2207 137 2773
1543 3799 344
2303 1944 221
3 3647 625
4300 4765 42
2959 2674 1211
804 4186 415
2001 4226 552
4854 2907 22
4510 3760 83
1808 3386 121
3228 2562 132
3273 1371 325
1053 1377 1347
1204 3111 1266
4604 4073 380
4181 3134 311
1256 378 2498
3272 3118 1681
374 272 164
2028 4705 183
3432 2358 1094
3333 3320 561
3091 1930 16
3554 945 423
1 3371 520
4144 4222 14
4864 4675 94
3606 4510 120
1183 4809 86
4908 37 77
1436 4262 88
2173 270 2725
4918 4082 51
3429 2361 25
3181 1440 417
2266 3674 1272
2284 2191 965
1427 1608 2343
1398 4095 822
1713 4395 442
4410 1247 294
3294 3576 1016
4863 2319 6
666 2537 2362
2153 2316 930
2778 1280 1009
994 359 3849
1652 636 2280
1259 1220 1117
533 826 2856
145 1017 3277
3460 3708 635
90 4877 84
1497 4205 480
1173 1003 1724
1917 175 123
3589 1789 1224
776 858 1209
4206 4867 96
1977 2027 1107
2527 655 1621
637 1470 2745
1897 1467 470
3460 985 1207
320 4808 9
3384 2681 841
897 1267 1583
4050 580 915
185 1848 2604
3087 335 1779
592 1765 2474
1244 3866 859
3436 2165 873
1981 2595 1434
3709 1542 649
2258 870 1876
1259 3564 214
498 1741 1741
1760 2615 875
36 2791 500
1676 4254 457
3193 1977 1573
65 2769 2080
2799 3568 1411
4364 1054 539
465 210 3624
2969 3954 559
169 4657 238
2007 320 1773
4984 3944 7
1770 3776 111
1735 2355 612
1018 2521 770
4594 4741 245
4681 633 267
3659 869 83
1498 4970 11
3105 1397 1367
933 2364 599
2133 1241 1698
202 4974 24
3687 1492 59
4671 3598 308
4782 4086 148
1942 1308 2041
2533 2082 125
2033 4973 20
2292 3598 238
3467 2615 1097
4759 3410 217
1238 4303 272
1879 4024 43
3351 141 336
1003 3879 947
959 4311 225
2667 1760 541
362 3051 111
1666 2833 692
3133 2704 1805
1063 2064 708
347 713 1946
2337 3725 31
4296 1994 500
2637 191 823
568 590 860
4740 4568 28
401 4645 75
3498 3798 151
2209 2445 519
4081 3145 353
413 1141 2223
1798 3147 431
2659 2437 1576
1068 3757 828
1967 3693 1259
2243 4807 46
300 824 2627
4687 2300 184
1146 595 2616
4094 691 588
3900 3863 766
512 1465 3004
1223 1624 1339
2965 4818 146
512 303 3179
2855 1135 1004
3039 1763 1292
4740 3530 181
3949 1176 433
307 558 3529
4967 1955 26
3241 2050 1243
457 2487 723
1579 4185 40
4896 3711 74
1438 1088 1846
4702 2611 291
1986 528 230
3341 777 1603
4918 3844 40
3352 3430 1079
122 2057 2342
1303 904 907
881 2597 147
1837 2180 2172
8 6 4744
4025 4861 62
1148 704 1671
578 2139 1377
524 1506 2845
1369 1779 899
1058 193 1572
4366 3417 591
3470 2409 400
3762 4163 279
2506 4721 249
114 110 2907
3834 2410 115
4426 3794 178
1674 4115 800
3525 4432 309
2826 2039 1550
3777 4735 1
1592 1221 547
2387 863 1702
2075 211 329
1404 3444 241
2705 3297 849
3715 3407 817
4790 1496 60
307 2163 2732
2420 1064 378
2578 1063 967
4425 2536 371
2060 4444 214
835 3147 1258
2455 2262 1702
3405 282 1544
4824 863 3
1997 3742 232
341 712 4129
3069 2238 226
3388 3032 1151
3000 1750 1219
4553 353 47
1324 977 3129
3306 4965 11
3132 1611 1292
3383 416 630
2209 4980 1
4557 2381 431
994 638 3042
3291 3025 444
4114 637 672
1656 3734 1239
3917 1899 528
1526 4766 38
300 603 2359
4605 3804 222
3463 2392 512
772 2182 2418
4681 2883 109
4459 415 289
2185 2538 1829
913 3679 678
1818 1587 616
4686 3921 58
2572 4773 56
1880 798 3109
2462 3204 476
423 3360 1443
1208 1124 552
1307 2210 1558
2283 577 1665
2029 937 2512
3448 3254 599
465 1291 2020
1413 313 2114
847 1199 708
828 3114 26
1550 661 2104
3539 2654 458
4567 2389 35
265 1036 1147
2509 4379 511
1448 4872 36
389 2167 1708
3350 4742 55
4731 2826 90
1561 3684 467
309 3349 1290
2535 1895 808
1925 514 2985
4048 3556 363
2753 2785 2060
4455 2366 158
2868 3036 301
1140 536 138
3817 3638 385
4076 2216 389
2372 3837 41
1069 3768 918
4937 1133 28
2771 4387 441
2252 3845 84
1406 2076 1539
735 3931 93
1404 3228 885
2672 3167 893
164 4125 671
2771 3657 435
1038 4525 418
825 2349 1319
3904 2860 258
3062 4444 410
785 1751 3067
2702 4478 71
3617 682 242
3262 1577 653
4151 4769 195
2845 4040 638
100 4804 26
3304 3987 457
1706 902 2712
611 4209 221
1245 1296 2999
1920 751 2202
1927 718 2188
808 177 1615
84 735 1237
789 92 642
579 2949 1491
761 3283 45
4356 4222 296
2183 1170 1983
3318 1418 411
1760 1555 810
363 1750 2017
2937 4948 25
2561 3581 160
3490 1716 1068
1317 4126 300
4346 3121 235
3707 244 1215
1492 2516 134
4155 4957 14
4748 3073 137
1715 3355 1038
1815 1623 1892
551 2658 467
2735 713 323
4053 4458 304
3004 1484 1709
3321 1865 124
2354 212 430
3281 2333 1063
3219 4154 77
586 2077 1913
4345 410 241
2350 1491 322
1001 4384 432
49 665 3813
4812 679 42
271 1729 2002
3613 1310 894
1142 4916 57
3854 319 1036
1416 4621 2
1013 2981 84
3875 4455 531
3970 2698 659
1295 1580 2570
2394 2737 334
1428 1812 1206
3026 3714 298
568 1305 2805
2197 842 2017
2212 2914 71
3290 4741 234
345 2407 2548
3998 541 890
765 397 3440
178 1628 390
4527 428 59
1106 3413 903
4709 4786 146
909 3795 1014
1188 1893 1158
4816 4769 81
2211 3539 685
636 1631 1253
1460 3338 1546
3801 4867 92
2232 657 943
331 4795 40
1254 4812 50
4347 1994 642
3629 479 328
3637 1417 163
3668 1714 769
440 3976 198
4697 2457 99
1332 4446 131
4685 4513 69
2076 2843 372
1774 1382 3202
3900 44 369
2503 3929 617
1046 534 3943
3825 1527 60
1378 4145 365
2641 2942 1757
2070 4868 55
1778 575 1957
1837 4682 135
2974 2041 389
3855 1859 251
4546 2706 219
2584 194 544
2828 744 920
319 3150 404
4121 283 378
4151 846 529
825 2951 41
4737 12 256
1501 2303 2022
4159 326 630
1815 3765 176
1126 2121 2259
886 3963 668
2462 1141 819
1307 4589 26
3352 1093 819
4387 4989 2
1595 3343 1333
208 833 3470
2194 3078 1071
405 4585 329
2727 221 936
4180 272 802
4063 3857 389
2178 4478 132
162 4721 250
1044 345 261
1378 4608 52
3662 1854 1214
3799 2816 842
4126 3138 121
4443 175 122
4546 2505 322
3348 2728 1057
544 4194 93
3734 3503 551
1595 4980 12
4272 2370 583
2662 3733 1092
2020 2558 1874
2737 2817 824
3628 4855 2
4226 1840 252
1778 3225 158
3130 2294 1440
1138 2031 1561
2374 4398 119
2837 2390 1714
2411 3983 369
3128 3422 1555
4989 461 10
4400 4681 82
328 2624 1541
3935 3947 440
4699 307 158
268 1822 777
1345 2736 831
527 3267 482
4877 4255 73
1339 1122 2654
3954 3556 708
233 2764 1942
4423 2371 413
2413 4117 27
746 4912 73
1555 3495 816
1930 3569 1196
1094 2736 1586
1460 4563 255
4001 3711 612
3632 856 178
2871 4484 131
2180 4663 167
2665 3451 35
4966 4300 10
1971 4623 225
376 3237 554
3158 2632 947
3934 1757 165
1308 4673 232
1617 4599 361
2688 1028 536
2514 4480 7
43 3259 1291
3454 3191 1254
3852 2628 932
3352 3383 1432
459 2626 582
2599 85 1059
3084 3475 585
1544 3505 520
682 1302 1445
3654 3034 427
3656 4104 300
2107 1436 1397
3293 1746 818
4875 1400 84
4607 1687 101
1622 1534 3014
112 4131 526
4561 1066 339
1216 959 91
2902 310 967
311 3984 280
4418 3684 262
2471 702 1215
2898 1503 2098
2728 2985 548
4644 2826 33
1019 3771 946
898 958 2334
1145 2149 2018
2166 1717 1580
4163 2669 641
2785 425 1147
517 2283 2183
3353 601 327
528 1913 2151
3231 4746 110
2817 234 397
660 904 2188
2886 1582 201
1239 2722 1723
1741 4057 849
2481 757 1819
1351 4404 513
482 2184 1971
1122 4767 59
1228 393 1717
816 1905 2695
427 3945 813
407 3280 1355
3026 2188 941
4933 1714 16
4752 1241 78
3256 1102 323
4983 3705 15
1268 2689 1885
4129 2215 352
4549 4518 15
2161 137 1047
3992 514 983
2848 4783 202
1019 1711 3218
2395 878 2542
499 2947 1260
2500 1720 2039
832 1020 1453
4834 4819 66
3520 1417 585
2585 3355 428
2233 4536 426
1917 1742 2764
1965 93 661
2255 665 1068
3090 4381 156
626 2748 1439
4662 296 165
2807 1888 2099
1104 782 463
4812 2957 132
4351 2136 216
1950 1958 1167
2465 4346 408
2590 4839 100
2201 1524 2109
2390 4409 472
4318 2504 376
2803 4639 139
1107 4012 776
4146 1919 262
3040 2366 1302
245 1152 1486
2413 3624 1214
4813 3977 124
302 2341 228
3267 988 1354
4571 2228 155
1864 1960 713
718 967 318
3372 4568 170
3922 3044 624
2697 1027 2086
874 4320 138
1942 4661 120
637 3392 561
1119 1433 3450
2362 3923 195
1458 3386 417
1149 2420 734
1137 4077 645
438 375 3428
1463 1924 2383
1741 163 714
2028 298 1224
1527 800 1358
698 2345 1877
38 3414 1441
3172 1822 415
2387 984 2007
3402 2328 377
1284 3657 838
550 1571 3054
2558 4588 285
1656 3179 567
3830 3427 735
97 3078 1189
4388 1502 347
1279 4638 301
179 382 2120
1352 975 488
3698 4452 184
2518 715 674
4635 2290 213
1775 4593 204
824 870 1701
2206 3145 1848
4924 1079 44
1328 1268 467
685 556 4227
725 4390 255
3986 736 227
4291 3628 601
3745 2069 592
3047 3691 889
1531 2125 177
4875 119 38
1238 3157 1777
4580 1072 227
4644 1723 310
809 4092 279
910 2942 1353
3856 2578 859
4197 3766 411
4424 4781 37
1294 2612 1376
4670 4972 23
1433 3030 947
2631 3788 633
1177 319 1548
2085 781 336
3005 704 615
1460 2535 464
845 2181 1385
4294 273 14
4287 785 536
4073 3696 446
2136 5 959
1623 2539 902
190 788 4192
3519 937 1200
3047 3258 921
1762 1031 259
4981 3461 6
2880 4364 361
4463 1538 479
430 2688 201
2643 2774 1720
1615 699 2096
111 3015 23
4521 3312 94
878 3449 573
1189 3293 1024
2947 3848 363
3654 70 395
2444 1061 2489
378 1040 1774
3825 2869 782
435 4875 48
1840 4858 45
3763 125 237
1492 230 1577
2478 4416 373
4577 2714 252
12 2156 2402
3206 3977 332
3940 4494 453
1013 1989 2140
4430 1124 124
1997 4148 620
2605 4453 2
1247 1882 3014
4951 2073 23
2571 2031 2161
251 1806 2842
324 1824 55
1945 1316 2364
1646 2584 2382
3460 2809 1525
1057 4825 17
271 3409 500
3119 4433 115
1654 4861 38
3274 4401 265
3935 4635 23
1898 3828 849
4964 4112 5
2700 2899 1479
4856 4638 12
2859 3952 826
4567 1811 117
2284 1367 1629
1802 2413 1572
1108 3012 1923
4779 205 97
4445 3054 216
2093 2211 1786
4947 4371 38
3284 1476 896
4504 4679 266
3713 264 217
1764 386 597
4747 3346 91
3525 3005 121
2037 1814 1850
3117 2676 1281
277 2584 807
4752 3883 141
2710 1346 1533
3199 205 725
1592 4174 193
4588 3920 286
4068 639 776
1661 2825 463
1585 273 1990
285 3469 1271
3809 2963 396
952 4099 182
3729 2807 1008
3570 603 394
334 3966 717
1010 477 2924
4175 52 635
4384 2591 151
3474 4319 152
291 1105 788
4411 3243 200
1232 4251 647
1455 1851 475
2920 17 1638
19 1235 2886
3327 2889 1188
3570 4538 381
1977 573 1186
3915 1666 761
2602 3004 1609
2109 1583 2414
4691 1726 53
975 4277 259
4249 3632 476
3508 160 1197
2635 2444 32
2214 4796 90
2435 1631 209
4248 4937 12
2288 4481 324
3695 1392 1133
4893 3289 4
973 4766 8
2368 864 1220
4287 2972 220
3149 3042 1565
4659 3200 26
3172 3907 215
126 3497 776
2038 1352 2265
486 61 4377
887 459 3245
3438 854 456
3778 3109 223
666 4395 46
1581 2352 513
543 4724 116
1508 3703 1102
429 1650 2139
4948 3408 33
1306 415 982
4626 2920 235
2125 2053 633
88 4695 187
2021 843 2833
3643 510 849
477 3759 766
4497 3133 397
4657 2614 202
329 4843 81
4974 7 20
3780 4825 42
3574 4034 41
2039 3252 643
3460 3799 766
1356 4545 53
641 1795 135
2744 4986 5
2041 3678 643
4892 3938 34
1209 3724 148
3467 3774 231
248 717 1615
2139 4048 654
2015 2095 2830
1849 1150 1486
1065 4635 98
2600 3830 863
1871 724 201
964 3636 1247
3328 3045 281
1558 377 936
3859 3830 392
4763 3414 85
2721 2262 260
2676 1724 2282
538 2421 710
1776 488 2600
453 1346 1262
2164 2027 1953
1714 3230 1642
1248 209 1716
3240 1256 529
2490 4422 568
3324 1696 331
1592 350 1111
283 3078 1599
4260 3245 80
4066 797 560
1484 3956 709
2024 1278 447
3857 618 765
907 4982 17
3023 3954 1015
3834 3983 436
3137 2599 221
1325 2371 905
2040 4389 429
1502 2219 2244
2071 360 2528
3592 290 1079
1263 3232 747
2138 3541 951
3380 817 408
3998 2215 344
341 2907 1240
961 3657 595
3954 2724 813
4363 1173 613
2777 1672 1526
128 1990 1574
4675 511 208
2537 652 346
337 3134 1760
2912 2903 565
2369 374 2255
2317 4561 263
3222 1202 361
3446 3429 116
1462 3615 860
1821 4015 380
4954 2663 46
1484 2596 1629
3735 4283 259
446 3346 489
4572 4765 206
981 542 1167
3226 3199 1583
2549 2848 791
1432 4888 5
3518 2715 1379
254 4735 142
3530 458 83
199 2482 1020
3498 3913 601
4548 3930 368
1822 338 811
3382 2867 298
1644 3309 35
1034 1071 1063
69 1806 334
4141 3745 705
2152 4822 12
3539 4180 367
4371 2888 606
1494 3442 433
4435 571 68
4880 1991 91
243 4241 153
638 2281 2238
2425 3637 1273
3071 1859 532
3077 4383 205
3243 1726 1301
3731 3845 168
1661 772 1935
4979 1327 13
367 570 2770
3058 2249 1546
3118 4643 344
4464 4820 127
713 1429 2859
1417 214 745
4514 576 382
1327 3715 558
2563 2319 1608
4354 4152 435
655 2487 173
1294 1148 1437
1362 3130 5
4418 396 159
965 1070 3909
4072 3792 731
181 1434 2233
452 3980 772
4917 3719 45
2171 1785 2641
2628 4708 165
2612 3671 539
4520 3729 447
2787 775 148
2238 415 219
3832 717 548
995 3210 736
447 4762 213
1569 4217 774
518 3369 240
3426 3309 805
2506 3132 302
2550 4581 69
4142 3639 281
1203 4831 66
927 3821 765
1288 4483 451
201 4432 210
902 3375 623
3881 665 595
4278 277 403
3203 3504 628
451 855 3042
4810 1638 72
4090 130 519
647 338 4142
2833 4541 424
4944 4812 11
344 3986 66
936 3281 692
2548 2366 2431
1208 677 3595
2196 4638 186
1927 3712 83
1834 2382 2179
3399 59 97
2681 3652 981
944 4799 199
569 3209 373
1039 1131 959
1172 2410 1577
2892 4931 66
2617 2992 1076
1891 953 2625
4190 3111 633
605 4811 138
1511 4952 26
3001 647 706
912 3496 508
4363 2595 624
2226 1460 1691
4927 1696 22
418 1463 2676
2345 4727 14
1663 2055 2262
1111 4913 14
2333 3454 975
57 2532 111
1553 4268 126
3057 3078 1094
3874 1762 695
2844 2608 99
1827 1637 258
652 430 2610
3479 4069 62
3586 1746 964
2905 609 1174
4747 3651 64
3441 1307 1453
104 1392 2454
1596 2967 1428
2276 4564 139
1113 2421 927
554 2702 426
3187 3589 734
4578 357 164
1120 4763 149
2364 282 1941
2352 3649 371
1384 1342 2358
4020 4945 28
289 3854 370
4355 1209 118
770 2590 782
1639 1900 2027
3209 3981 397
1191 1546 3405
248 3393 697
2585 1289 1488
4144 4238 257
1665 1400 1326
1754 347 2411
510 1664 2104
1255 1490 2525
1458 3919 906
3529 4868 84
1003 2641 894
4084 2341 56
2641 97 1748
1381 793 816
3944 2027 581
1427 3852 92
4794 2825 60
2692 2810 870
4502 3458 135
4045 883 945
2228 2694 2285
4055 2137 817
4779 3824 64
273 578 3247
1305 40 3533
2135 4697 26
4303 2793 283
3980 65 699
692 1841 114
2754 1647 1688
3278 3295 574
336 659 3279
1133 1857 2924
4988 3193 2
1289 3297 1257
3136 2050 1181
708 4329 410
1432 3825 452
2913 4953 7
1310 1052 2352
633 942 62
2327 496 100
1186 2086 2431
2968 2559 1233
3494 4834 149
2194 3168 1593
4068 544 305
4972 528 18
4896 3986 6
57 3047 120
2513 2142 175
322 3445 1129
4250 3051 473
3740 166 805
1787 725 1129
477 3795 102
861 1842 2863
4180 557 713
742 4935 55
2582 2778 2162
3955 4886 77
2613 3337 549
188 521 4393
3632 4941 29
879 2625 1188
2015 2931 736
842 268 2446
118 1973 1406
950 903 3315
2604 2693 2235
2081 2467 628
4470 4477 505
2254 1999 399
23 826 3439
4670 956 203
909 1699 1707
3889 3790 358
4470 1330 32
4722 2434 193
1228 2233 1649
3579 1692 192
4848 1362 84
3961 2646 935
1381 3867 347
1241 4280 514
1575 1454 909
2009 346 2210
1329 4478 175
610 3576 168
2350 2860 1171
524 3753 1068
1646 4722 90
2398 4758 90
569 1457 2957
2956 105 986
4342 3452 485
3658 3186 458
2174 4802 113
3524 3958 604
501 677 4161
1054 4362 215
2738 554 1081
4592 2285 301
3083 3910 791
98 458 1967
3143 4729 76
40 3253 286
532 4613 279
4137 2714 647
4600 2920 90
3939 1099 411
2086 188 707
194 1389 2553
3269 3333 1552
4984 1839 1
2080 4124 487
4613 551 316
2099 4023 154
1212 1754 2563
998 648 3440
1127 2654 2146
1949 4788 14
184 833 1484
2849 2897 997
2403 2849 2063
433 3155 489
2355 3696 1065
3392 2074 1028
3664 3632 325
2780 4784 164
4094 1749 28
2328 1857 1210
3520 2367 303
3349 4861 60
3299 2721 1176
1100 2081 2728
490 4162 416
2173 230 2718
4037 2094 875
2188 4951 21
3119 47 1790
4372 3462 98
4865 1877 52
404 2739 1413
1077 2430 1035
4714 2286 238
2767 2465 1636
965 1003 141
1869 4661 118
1036 1500 2033
163 3740 905
4314 995 397
1450 1410 2826
1811 4631 111
1441 84 3012
2385 94 182
2013 4470 243
233 338 1214
1638 1318 1473
1822 655 2607
45 1333 681
1830 3824 583
4167 527 352
3542 3773 784
2712 960 1771
2035 4794 23
2715 1210 694
4248 2181 656
2641 1622 516
1475 1033 154
1992 4654 232
2912 701 585
1747 4874 47
2270 1080 1428
2418 2448 1272
1634 1696 2824
4389 4611 72
3629 3016 1164
3806 2428 695
705 2144 24
261 4034 416
525 3760 107
2313 2384 1257
2386 979 331
691 2089 141
142 3454 861
3500 3634 1077
4699 4075 79
3947 293 69
845 1218 1533
1446 2878 38
2333 1068 2340
1101 4244 264
1588 1322 526
3695 1588 652
1193 2052 139
190 682 581
4118 602 200
428 3118 314
3657 1075 241
849 4553 207
424 2150 1969
3229 1976 733
3656 3934 620
838 3147 95
3380 3111 1433
616 1297 974
337 3340 403
1496 4251 150
4527 4484 455
3425 2005 1253
1537 2963 750
32 2867 1604
4702 3911 69
936 1718 2879
825 264 2969
4364 2348 473
2702 507 1806
962 1682 1337
251 4454 203
95 1930 2368
4502 3018 205
2576 327 2177
1221 3182 1748
943 4721 176
4326 881 341
4002 3045 537
918 3614 568
4914 3831 51
1118 530 112
3937 4940 18
2134 1133 1222
4650 4678 216
1602 3369 1525
735 4457 118
1996 1912 755
4335 3116 174
984 2734 2083
3271 3709 1178
4647 2068 226
3215 3476 1404
1107 3538 1290
2108 2274 194
3962 3834 77
532 882 3586
2693 3757 1156
2346 4000 302
2515 2295 193
3894 4433 251
4404 4266 395
2507 2111 834
2422 2773 86
1933 220 2931
1617 2914 1742
40 4639 60
4590 2258 131
1752 1225 1487
1703 3175 964
1073 656 1698
3604 3963 168
2262 1919 2419
1548 2934 547
1248 1073 2268
1289 1286 1049
4832 3592 145
2368 734 910
1244 1340 2475
741 1326 2116
4386 712 167
4547 3749 188
509 2896 1427
89 3337 931
4027 4036 311
3192 1083 585
4211 903 756
4480 1597 494
4178 3615 768
2852 1176 1901
2523 2503 1668
158 4270 450
3367 458 1313
4056 4809 126
3848 3399 350
4365 2258 165
4383 2763 151
3169 1826 1347
58 2490 773
337 4173 794
494 2889 2105
4471 2150 468
1726 3718 35
2237 3007 1353
613 2060 1969
67 2710 830
3820 947 452
3022 4286 185
2861 4212 447
3065 422 1169
1735 89 253
870 2939 1794
2224 2931 1701
3941 3112 1049
3352 4271 708
2597 1696 1796
916 1786 269
1861 2211 2692
319 4608 207
1500 3048 87
2473 2634 1149
4847 3440 23
3028 4525 338
4970 3795 20
3188 3063 836
996 4162 273
210 2579 308
3300 3946 170
4125 3144 716
1314 255 1007
4347 2905 547
1230 2226 1822
53 4840 22
2560 99 202
1097 3631 1013
3654 606 744
149 4912 56
2650 1515 2158
938 498 3615
3226 941 678
1763 2026 1400
3077 3462 1435
453 3018 208
2065 279 1414
4461 1852 403
294 2665 1340
1347 3891 107
2663 4385 281
4874 418 17
3737 4338 355
4651 4403 260
4974 4336 14
210 2178 1098
2759 4723 82
4770 329 178
80 37 3943
2738 4770 151
325 1678 2115
3255 3503 668
1668 548 1628
4293 1730 243
2938 3418 187
1926 2329 115
2861 204 846
3864 2457 162
916 2654 1280
473 1106 2063
1774 1049 157
2830 3212 1181
946 4015 768
1241 4367 139
3457 2813 75
4877 3355 76
3171 1772 1063
1020 942 3578
2095 2320 399
1516 2853 1694
4773 4835 80
2539 1627 1904
579 2476 1231
4028 4357 534
1798 2368 316
1096 1664 528
2918 3359 1361
2366 3565 18
962 4024 778
2917 3661 1112
1678 2786 1852
3753 3324 1209
2782 2459 1021
1528 1827 2392
2990 4079 435
2513 1076 553
4187 2903 247
803 3855 985
3971 453 586
4421 2277 562
3298 4040 833
4179 3622 133
3178 4970 20
2765 1836 1067
1791 2891 97
4653 2714 32
4820 3722 109
1330 2550 1747
4499 552 496
3004 3929 179
3921 3371 826
3321 4691 192
2667 307 562
3562 1719 1199
4711 924 29
2757 2288 2212
631 4142 527
3906 2889 80
4616 4386 36
4897 2652 43
3792 1457 780
1174 4107 756
1251 3854 463
2648 3453 1053
4576 3275 407
2744 1364 1389
3173 217 281
1048 2500 1335
4983 4448 10
662 2621 1355
1576 2367 174
3833 2949 343
1065 3135 1621
3998 414 223
1687 1045 1677
217 4521 313
661 2058 2500
4282 881 118
2245 647 2746
4963 2237 8
941 4417 28
4450 3018 525
2234 4341 403
4914 2435 40
825 4645 316
143 3188 1739
851 4178 732
4164 579 211
3951 232 25
3035 4068 115
4226 1302 137
1612 4972 4
664 50 948
3460 1667 30
2524 3845 520
3841 2790 709
507 3408 653
272 2246 2502
2663 703 889
4167 754 761
1504 2423 2311
2024 3519 1327
3289 939 141
4596 1383 326
607 2025 2894
4182 4968 29
2819 3521 1388
4352 3670 492
2726 1213 1750
943 1523 2552
1473 2231 2443
1822 2504 1047
849 4504 79
1360 202 2807
381 2408 188
3948 1099 104
690 2275 962
2406 4392 478
3267 4545 136
2729 3264 1629
2051 1822 1192
2990 3506 625
2426 1891 1504
928 2234 1275
226 76 3969
1137 4914 6
988 3067 741
2692 1657 1767
3374 4908 71
4117 3708 485
3177 2594 1252
2385 4582 94
3805 1162 645
544 355 1594
137 3614 213
4853 3681 30
366 1437 3107
3850 2297 446
1508 1156 2520
2780 2136 609
4149 463 395
1071 3487 159
2059 1682 2813
2000 3880 900
3816 1032 109
4157 4822 110
558 52 2758
1712 1827 757
1361 1953 2708
135 1437 1877
3307 1899 393
793 3583 1001
3822 3562 79
975 3003 1636
3345 971 1209
563 1132 1202
908 2100 1408
3236 4588 152
2058 1693 1243
3766 363 118
2349 4366 195
1855 2286 2426
2529 3041 986
1944 1521 2777
3276 923 1202
859 3379 1482
1234 2593 575
3208 1629 1300
214 4230 637
2978 4420 239
1767 4160 772
2376 1394 973
1677 736 370
4918 1649 30
2618 4956 18
4725 1901 272
522 4385 271
3750 3021 39
2562 2519 273
3189 1436 833
155 3039 1838
3091 3077 1634
3545 4953 42
1091 1391 3222
3579 2855 1057
574 3336 206
3999 484 252
1834 3790 439
2142 55 1963
662 2594 1095
2646 2874 949
1870 855 135
3745 3647 1041
4392 3975 360
564 2088 1014
2796 4196 214
2243 3259 1176
3481 2216 322
2876 4281 287
370 836 1864
616 1225 28
3738 368 662
275 3189 1230
4173 75 824
1049 3910 1071
4295 3669 579
4215 3328 604
2095 288 2838
1717 133 560
4559 4134 364
2699 3579 372
929 1103 2911
1703 1027 1833
556 1108 1820
4078 3313 666
1564 43 2891
3944 3248 198
4215 4438 367
2405 4938 45
2389 2126 357
3171 4352 487
2281 3852 1
1974 2875 1189
3840 4903 84
3187 3211 915
4609 2259 274
2001 4322 231
2325 2339 673
4515 2541 348
1217 4536 282
588 3324 1543
2008 3184 1193
602 4671 21
4959 964 41
2183 68 567
1950 522 1887
3394 4073 535
83 4308 306
2381 2550 1765
4411 4376 158
4869 4380 43
4907 3939 57
3474 1176 522
3325 3257 316
459 1043 3868
3298 2851 301
348 1703 2460
92 55 367
2142 1104 260
1038 514 540
1931 2818 487
3458 4846 98
580 1469 726
3553 358 569
649 757 2313
4251 2982 524
2262 4629 151
241 1699 1863
1333 282 2191
1959 1626 2683
1921 3984 502
1816 3107 162
297 706 2747
1511 4293 666
60 2807 465
3985 776 285
769 2993 892
549 514 2791
1994 1442 1253
4056 3409 831
126 4220 257
3837 3949 319
174 1545 1275
80 2299 1864
4260 1552 575
4418 3847 522
4904 2988 88
3783 227 330
1792 4860 30
3409 4637 81
291 4780 16
3840 4282 500
3206 2434 414
1342 3247 318
3015 1953 806
4441 3372 160
1419 2894 666
4136 679 727
4833 619 130
4229 627 83
3301 4090 465
1302 3341 437
2493 4463 63
1442 2213 1335
3426 3310 975
48 3573 1065
4096 4701 265
1523 3759 173
4791 2264 32
4787 3989 205
1878 3417 143
212 4578 161
3078 2284 1355
3577 3444 398
1701 2307 461
693 4943 26
3785 3103 1137
4520 1207 153
4593 4027 90
3499 3053 77
3637 2622 245
439 1908 1344
1604 4113 858
857 1663 2402
2200 4234 470
2213 557 1379
3772 3622 90
1053 1587 1225
2252 2808 924
1592 679 1643
3215 2273 715
1926 693 1252
4205 1010 668
173 999 1264
4960 2165 40
4514 2513 101
3552 1620 1145
54 709 2026
2250 1529 1473
2430 1532 1921
4748 3813 20
2084 1717 2491
3393 445 349
1622 3626 521
910 3346 701
4086 4521 128
4686 4269 228
2790 1920 822
3362 2682 278
916 3575 1271
1064 3563 725
913 474 3470
4440 2728 316
2232 1744 2669
726 1463 868
4982 3116 14
2125 986 2022
3811 1380 284
2447 4154 746
1127 2667 506
1203 4327 189
1066 4323 550
391 446 2691
3671 1745 271
3291 1358 364
2772 143 995
1800 2649 2152
2009 2455 2453
907 4822 106
574 1730 3222
4054 3618 768
1709 471 1675
471 1613 763
3136 3980 415
517 147 2151
2926 4533 364
4059 1010 95
3086 1585 1655
1773 1785 2564
518 4859 44
1468 1577 1690
1520 3179 1091
1982 2365 1061
2537 1528 2274
345 3887 36
4492 2311 485
4026 3661 709
3301 1232 1245
2569 887 874
1710 3238 1084
2201 1524 82
106 1046 2773
85 1324 2042
2082 2633 995
4859 2232 87
1436 1990 2598
504 2489 1131
420 302 4207
3904 2345 1004
3017 4438 500
1240 4782 184
3175 2153 1077
1529 1080 1924
2200 4079 350
3732 4888 68
2863 3417 910
1106 2126 2004
152 434 2786
3700 2191 63
2681 1116 370
3986 1131 686
3922 649 1076
3074 4183 285
3440 721 277
2104 4720 212
2054 4771 17
3329 1904 1002
837 1695 104
2083 21 1812
1635 4237 110
2225 3568 712
1964 1335 900
4355 4473 329
4551 4706 179
1868 4352 559
1395 246 128
2380 4330 622
3452 610 9
3205 4785 50
1914 3890 757
1318 2100 604
2002 3836 1085
3305 3557 528
3312 3244 969
1156 2347 1760
2156 4611 279
2251 38 1417
678 3653 1118
4489 3435 106
4427 123 573
430 782 3994
3161 525 1008
2137 4793 186
1837 2982 1247
3465 421 139
2715 2256 1638
3498 2340 340
3455 576 729
296 2434 1191
3075 3780 1054
1089 2586 179
4072 3394 327
1778 2924 268
1097 2868 692
4801 461 56
2707 4106 782
343 3890 118
2986 2018 1421
3607 4744 183
2195 3022 1053
3085 760 1272
4657 2215 86
4581 3008 186
967 4362 4
1551 845 971
4234 2912 108
2128 1450 740
4935 4354 49
3923 1349 788
1954 1917 2535
2471 2124 802
2146 2409 159
1379 4797 36
3311 3168 693

