24295
1
33
96156
235
1
1214
14137
285
724
3847
6439
17349
24208
11208
2898
575
14910
4603
696
4439
5121
123
5214
2661
2095
2247
2074
6
7285
157
629
7322
224
1165
3
6297
21700
819
7665
6917
8834
13767
8075
320
24548
2700
1
7222
0
59
106
9143
626
34
3703
28597
3278
87072
1497
11631
135
123
1467
90838
46987
9127
3107
982
19706
49537
1
39
18343
3874
37669
23
65900
38879
2068
955
29
1796
4932
19
3002
860
875
12
2045
1
176
2805
4565
5
33075
22379
26
53543
1170
26708
60978
981
486
3941
69
380
80519
8059
20650
113058
161
1940
1680
253
13430
388
12668
19277
101
2649
1355
79839
828
1897
11
817
8551
18847
16
29013
1818
3215
5421
20
44580
10991
17513
20
640
45086
161
7547
3339
717
1875
3134
28933
161
1585
25969
2334
37
5252
13145
3716
5356
38551
3860
204
689
1100
725
14
106732
2
1
17407
10763
6979
3998
53744
28523
12630
27211
1485
743
10362
27713
6442
55531
6596
16694
5780
1248
1832
282
9963
42269
519
3114
7471
21827
366
22
4677
2
721
47
10
25
2595
620
47300
1209
4169
21470
20239
2853
71
116
682
6266
109
1382
7796
2093
2726
6124
3788
9958
5722
895
8
5508
829
15977
2915
10764
17839
1440
961
15
2847
28783
20318
449
91
261
1545
9253
170
298
12372
2067
1888
72
65
36256
5715
925
34816
1292
9674
2220
7
17295
14
11083
14144
25610
51106
29247
53
5602
182
310
483
52565
7020
0
36323
103998
92
820
25
4016
81535
36185
15716
415
237
2034
619
11186
18255
27845
17822
181
2175
8
116
421
1247
105
6851
2055
249
65603
51279
13513
7535
1194
2
5776
16006
10411
2924
331
2834
2043
4
5474
72704
2516
192
1349
4424
371
3230
5959
53
20371
17609
4659
1354
7611
6792
2023
2
504
1356
32607
576
7795
1543
228
87
3885
473
3860
1767
34684
291
10
9309
31
39972
684
0
11161
66653
6520
2080
17
2335
1531
47
228
24948
988
338
19600
6827
0
2003
974
219
682
2969
345
4189
40
3368
498
14
9417
2138
7702
615
655
6927
112
10116
11259
146
32383
8953
1506
25
3377
0
64864
1836
25858
4280
2430
82
2765
20712
3084
2382
3527
1465
30
79
640
7471
116
20439
602
12
3
2629
1161
6903
22513
291
11158
1884
2737
316
18
135
500
18775
28
249
1578
61
1688
919
234
37076
314
31467
4145
332
131
1438
4492
46063
160
33
23091
25194
35
1
3
2653
2
4707
6
2957
2162
1882
18695
50
3656
21128
55
663
4415
5888
4848
9234
235
6201
3871
328
20159
4599
617
774
707
11849
4578
5813
3050
15950
33490
27
0
647
2296
353
1351
93809
517
5943
10568
1691
1097
9457
481
27222
29221
7372
34997
3684
8786
2032
4480
9218
57938
8
1
1602
1633
2
4231
55412
64775
82
3919
9237
14944
107
9454
1362
6
568
7462
1839
246
609
9853
33
15612
25239
2
26113
23109
12
6616
2
0
931
5511
10753
14
2943
3525
24149
1832
1808
9
2035
1174
2283
511
27
13015
709
44921
5
6870
4215
19999
1580
8003
1119
7096
6867
3236
72015
6214
78
77
3
10
2315
7718
164
47
4994
102
24110
16967
6358
19224
2105
1260
83781
7438
192
826
16756
14
3
323
56683
2182
7910
150
121
426
3545
1102
1549
11981
14137
3259
16999
12655
2270
167
28550
695
16205
91201
10656
1156
916
1945
8102
687
3624
32006
18177
71671
8018
8
8
358
26
1260
20
5084
37
19
0
7299
2369
8115
16266
24279
187
52671
4101
11307
19251
7927
5984
1947
5683
5070
4950
2554
12057
2683
14
17
2798
52270
12589
1
9759
4979
6090
182
3381
6196
19
181
12340
970
25312
35892
376
4569
399
12702
1562
49069
10322
10185
14
485
516
384
34342
58
1808
304
5
802
64
11659
78
76899
2340
665
909
2624
7742
9578
799
14791
907
1314
370
58
10680
24936
4138
4646
1481
216
10524
104084
2556
2978
3050
88
48218
7
4069
18024
9895
20269
6913
7296
32955
30888
2034
11467
18427
3290
361
6912
988
13
15224
1377
10827
111
1638
5583
17029
848
6959
1106
102741
51
6224
0
50946
82
25907
10426
626
1859
5851
1503
105
9895
650
2782
48
4638
46339
5123
2138
5446
52605
1122
36
1683
4311
93882
109
463
1004
1674
17881
35380
118
42977
14271
11269
20688
1126
553
13944
295
220
18102
19309
1975
13717
31
5684
88824
33
74
74558
1738
7
195
2247
777
5
530
441
5494
62
69
6965
563
31035
155
28
4242
1278
7596
736
175
51378
1505
1883
0
570
237
2841
2103
1243
15588
1153
23739
9580
2
16465
4278
1120
277
3573
6685
9386
18696
515
1173
11
1696
4632
6268
305
4448
1308
24270
28502
10271
34689
8859
999
7905
209
3180
73064
5288
3126
385
7521
187
34458
2971
102944
562
2274
47786
7609
5959
16422
4403
469
18
487
31126
59298
8
1133
2121
391
11971
4099
980
141
26423
299
999
3357
23067
58
21877
4276
1401
5109
1017
60
128
522
412
286
17078
8046
8314
10
122
1209
10097
10112
2816
3976
2350
4530
30849
3124
1744
2198
7
4662
167
1
354
22401
20266
1
12
54437
60
354
7
13662
4631
14
24473
14379
2806
708
2360
54166
242
1028
7899
1209
1601
19261
2702
758
668
3
88
19607
2235
12968
8496
42643
130
6130
5078
15984
15
6726
1630
10400
25
12119
1254
60
20750
36479
2641
5816
609
247
20446
2106
3219
4
861
1086
17867
3090
1694
66120
78
14
545
24
0
1047
3
1798
11057
4394
19567
539
340
83883
9986
52
697
2538
6828
7700
14335
13474
1
1498
22460
2
16
11097
12973
173
4954
3093
1841
177
3616
34880
493
16123
3483
5661
17641
161
18053
15436
13635
931
1
4576
4722
1432
1027
2711
6421
118
39
2467
3094
1420
0
29072
797
4548
37704
21749
1214
16447
13138
610
41569
118
10910
3978
2421
56476
1507
82
10466
2
230
8779
5399
36
8082
4558
914
11022
29
19972
27
3743
899
7892
22
2001
3
244
3506
1391
1
4081
502
1
221
2024
1128
7640
5631
5348
11
34137
21536
14
21676
2
3241
1694
1459
13
627
956
1832
4506
3816
44
15
50980
7740
10
1863
24
16458
252
6
1010
314
2009
12932
1871
215
1370
7962
95
45
18753
72
7
271
1
5098
2
20145
60
1000
3465
5381
5038
817
139
16
12988
187
601
364
6245
1833
50805
18435
4519
329
21734
50
4782
5203
10
249
9912
6404
2017
14028
351
1898
1
682
476
4862
3883
341
5109
239
1774
18867
333
790
20541
19
37195
9056
852
4384
20103
197
5468
6140
173
254
7
41065
8
3796
24130
12036
9293
7
362
2312
2011
45573
0
3417
238
356
12526
902
1319
1424
741
18864
2777
8903
1067
238
298
4266
285
1705
3761
17929
3626
1
9720
6
637
0
140
2075
23346
4512
4061
0
36462
14094
3547
1213
1
4539
25553
565
4655
5
15736
10438
2168
6003
12616
4388
4327
3431
11
69439
6130
655
54356
1855
3
1113
6837
4104
10050
7829
5111
3253
19870
33351
5491
314
12
23372
328
25083
3147
41101
5
3839
138
13316
22787
31701
2955
1150
3558
4161
651
332
39239
121
24704
17245
3
1705
1211
2809
14553
25694
1074
274
191
2730
7
17676
667
47
3
8993
9224
19247
1521
631
72219
2
600
22494
1030
11
7835
387
60
94497
3
27525
10
52
1903
959
638
11264
123
431
97
9447
3
13948
1219
1269
1073
37459
5339
4308
6
914
1837
2086
545
557
348
4835
6167
6061
4
514
1027
46720
108
87
549
24478
18
19431
44647
8282
20022
48442
1248
5911
17561
67375
0
562
22625
1294
2251
6028
465
18502
2620
468
93
35074
657
3710
85772
720
83
731
14491
1906
24342
1097
505
14207
300
2
246
13107
3299
2302
2028
106
40165
19041
3501
4306
513
3455
394
6210
73683
77
6611
650
67
6563
9629
22
34662
37244
17234
649
2150
12695
2151
2062
262
27930
174
129
7593
113
4
438
56504
40558
17
30
4
128
1383
10774
875
6412
41701
8510
591
4180
1
9
1099
52741
68
6896
27
7962
3147
1587
1037
189
9170
6
2127
13
233
2194
7775
7834
11652
44876
4
1400
735
50552
6020
2173
5208
2653
1724
9
11
3881
1297
20
1434
29595
9941
211
7185
18546
214
221
257
2472
0
2007
3
413
2324
5244
2970
46560
76
31226
17284
38436
16533
7
6
41046
3193
16782
4111
2086
3564
97
910
9
12113
1
6566
34
2165
19408
333
27285
790
2128
18245
0
118
484
72
41474
13569
7357
1357
428
7377
1005
16831
126
12448
15642
5537
12684
5208
4251
26134
4609
3471
148
104
252
64
904
4
5891
5164
11068
7
431
41007
175
829
51535
2219
3274
13445
20347
20017
23288
88
211
60723
13608
609
5411
1762
679
21199
2867
10955
2386
2505
44984
54
28
183
9462
1234
10395
68584
15737
513
3730
644
141
12398
85
2514
33539
2536
3149
267
49
14327
5488
4841
2509
69
110
3811
62260
2
31470
238
6027
151
2665
5030
17465
18254
26
20513
4
1910
3882
58
2348
2876
7738
34084
3099
8304
155
39
325
1
88
5381
67
8524
190
3577
261
36929
3793
1570
24369
120
42989
61
5
505
3871
71
3130
8376
13
6626
646
6988
5
5712
1794
7379
878
7827
22
79567
15871
1429
29311
42188
19
244
10708
13292
3
1968
371
30902
22478
24624
4561
987
11327
1625
10794
31492
332
409
226
552
327
4312
453
428
18691
379
1141
992
2917
672
306
1739
0
18
11892
63
710
60946
87419
2012
125
1066
47172
1250
219
2
7995
5101
37566
82
2503
23396
1303
7122
2790
18185
23529
7714
2285
1343
1215
1521
425
20259
97
97
0
899
37344
1357
362
8864
1005
46
509
37
153
41715
63133
453
6220
261
56
43863
1293
2
18
242
288
45306
2285
9427
1725
1907
4
3615
67946
148
4032
11
19807
4501
13063
44505
9992
614
16928
15489
11736
1476
4872
1123
793
2944
22549
81
24707
7652
43145
737
580
1351
1935
18204
71077
2
8
24501
1
8057
8385
826
1018
3102
5404
913
23
9686
42212
2188
56116
7
14390
1148
43
11973
1
3527
34689
26224
46906
19974
877
5768
11974
283
3163
541
64035
16
1
155
31148
852
3362
6
2048
3075
10303
808
2708
26
227
182
5847
13192
386
51811
37273
16138
3906
3071
4270
757
14166
28612
451
1126
5293
15104
329
43654
122
1358
3067
8792
2482
5173
5882
32
18774
40410
7978
31
4837
988
11420
1410
23
4558
2428
1016
809
13175
287
8575
1026
5775
8438
2756
28084
173
2772
19215
1901
10
8937
1140
13
689
14345
6
40
192
20499
25058
393
4443
8072
11731
3576
10
273
44789
62255
4548
367
45099
6998
21
25
5034
146
59967
7437
1121
8041
2885
18225
8739
177
51841
24524
17323
2788
287
115
6
6
11042
24599
1753
22649
493
19138
278
15143
254
4183
405
7623
31785
1000
13221
665
441
8411
967
11477
2844
8608
1200
1502
872
74880
58
36567
634
127
4
9302
21163
6
7287
2
4968
3146
487
13841
862
3926
3
27
1501
3815
3314
202
414
5259
5529
1904
18883
86
4376
483
84879
0
23682
7980
19704
59
12271
18351
654
546
1141
3283
117
4
5
64
50405
212
209
0
17334
67
2768
18596
8655
846
1195
430
6377
1
4540
4190
1886
1810
2618
352
704
0
19
529
1
1989
12274
6737
2696
51
2347
4
8267
1565
6476
7
2246
5067
3
3284
5338
36
1083
2134
1423
1743
47
81
5
6973
8700
8
681
6890
48000
24346
8172
11042
2581
17
48364
315
3842
8579
28
1276
727
48
16763
2470
41021
13668
9
52
25757
7320
1951
907
2675
362
2
19767
4719
3000
59803
6590
530
43
126
27399
419
3
37847
7145
6547
809
2696
6652
451
3889
27408
99
726
8088
251
13779
6188
5199
888
5930
5
119
95
320
4055
613
2312
4385
30600
5516
55
1
28
206
44
24337
1909
272
25055
484
1209
1266
52453
68
171
19
1851
266
346
32201
48884
97965
36631
23530
1513
1365
11011
13434
1236
8653
87463
59575
3019
663
1663
197
27
28115
18424
6558
1251
43696
6430
3
1111
4
43299
150
4858
307
3134
3007
4555
5301
455
161
24375
6638
2802
134
7059
21651
805
52640
232
3273
8
16674
1755
7996
10206
7
5894
102
399
16066
816
0
59
1057
4135
67
112
11218
11789
452
282
405
1891
186
121324
3
341
11
26495
25585
22061
2772
3026
26854
47
5296
0
1459
135
1684
19871
101
23155
0
274
1615
19394
2718
68
17088
3622
571
126
28251
19215
10077
590
304
4685
0
32204
11169
3553
34772
2285
35
20471
8912
9938
260
1772
2163
2
3145
8279
59
2298
259
3297
842
3
6336
2276
12649
467
3697
2137
71
9
1774
14402
71
2796
1683
44367
13210
19300
4
14954
404
184
8138
63588
162
3668
75089
4831
21811
13
4173
3660
5122
1301
7224
9341
24
23586
1169
1491
13114
17067
24247
1059
22173
647
48983
5872
8
26436
189
23140
73
27
2750
8275
100621
38119
437
17250
190
1253
1909
2089
28
32229
9
88
609
2487
1151
1420
29562
30356
688
94
4295
448
11308
1528
54564
4572
311
26229
8215
6179
1456
34
11627
52109
3572
437
5
63
6291
53570
668
90413
29660
74
3
2400
35161
7066
25082
173
14985
17705
55546
2098
5257
44
36
1
69971
8
3877
17934
8782
5
40
6342
437
1921
1
1078
250
1332
130
927
1748
6459
31102
5620
1556
7134
5014
2
56929
6412
631
0
143
6096
15
1
4400
55
5552
1467
28
330
175
1607
9881
5308
1188
18368
140
129
879
3263
79
2607
160
20
577
54566
3239
52858
10697
1895
25871
13925
13908
40249
10488
18117
131
22849
42609
682
440
4
5216
140
37
92479
384
8299
12
1719
821
618
98
1477
3019
1541
9
23
29713
909
169
2542
285
1245
2858
6316
2823
10179
325
55
8
3004
15080
2862
3949
22027
101
3666
25341
337
7906
1
257
295
770
32567
3147
5300
28
4273
3168
54039
15
2774
2
88051
297
2378
11829
468
2079
4491
186
38986
4421
19838
12224
43650
978
4110
1393
62
34
21
222
99427
4328
9355
12
82525
510
101307
58
2182
12962
621
24072
615
5281
153
11817
838
4496
7
3451
11747
94
5208
6189
4077
1835
4111
7
1259
14
11254
640
14
3819
3720
151
20780
11229
13201
13153
1599
10985
220
2864
5
2232
13202
15524
620
81
6066
619
5435
2249
2189
37964
15
2248
1985
35919
13198
33149
4299
4
1096
585
0
2
26384
51
2
17
1890
21523
5458
21634
700
4162
6995
4657
4405
2514
4478
1625
3852
17121
6999
1
346
553
6207
5622
18
9
7531
357
8175
4928
13
1210
620
14
214
50495
19856
65
1819
14
8805
147
9139
2
12878
3585
352
44338
239
620
65
6373
5701
3886
419
117469
37994
7161
88579
88026
5777
102
1
8247
0
31
42829
54310
4771
948
6945
71
4
1427
771
14634
41363
2009
6106
7
1037
47140
1240
9144
22905
40
2
186
57128
3335
3100
1915
17857
584
201
743
8584
10
19682
7438
896
0
6
31563
22055
4149
22856
71190
1582
4255
50
54
145
33918
252
494
27828
34
60
2718
1870
10
873
4602
22885
5012
4726
20531
18083
439
1320
2268
409
100
19
864
60
119
8
134
2863
10552
2134
39
31678
4030
787
3356
15785
128
3
100
1155
6424
3761
39172
3
83334
1521
298
534
68
59617
197
505
4644
12
117
602
364
69449
82
1726
3873
2417
101
17527
7526
14093
1377
4
53780
