1
65
218
0
0
2
4
34
62
616
4
4
5
2
3
7
1
52
8
9
135
174
206
27
47
6
5
228
7
2
273
15
13
10
57
105
15
2
60
132
2
16
26
312
1
193
1
183
135
7
1
92
2
3
101
1
80
121
6
56
104
34
4
5
227
10
65
726
32
113
1
2
121
274
89
3
6
3
3
4
210
61
13
5
0
25
9
20
3
132
211
14
0
23
113
5
53
0
18
52
60
9
95
3
16
322
12
4
11
3
73
12
21
0
2
2
3
7
67
112
4
3
239
148
0
6
66
18
1
6
7
2
2
4
1
1
0
334
1
2
6
101
51
313
46
15
5
63
2
329
45
34
686
234
45
336
439
25
1
19
117
5
78
47
2
73
122
382
15
75
0
37
93
55
330
138
333
65
48
88
22
165
6
130
46
6
13
139
218
121
10
484
23
3
130
1
2
25
40
6
4
2
0
100
20
142
3
2
6
1
210
6
0
4
68
8
9
0
1
65
3
16
3
33
196
18
123
0
8
26
16
0
4
3
9
4
182
13
125
50
102
1
251
2
270
20
28
459
76
3
352
44
99
4
7
481
1
102
28
0
1
147
6
4
147
2
66
271
28
1
252
791
2
95
103
419
36
64
30
8
6
2
203
2
4
44
7
141
1
6
138
4
9
36
33
0
417
7
45
9
6
109
156
115
1
4
792
5
73
91
1
521
1
100
17
3
14
413
8
25
94
16
1
167
6
14
354
4
4
168
26
11
4
2
476
12
122
8
164
113
325
20
154
163
15
1
184
17
0
37
20
0
153
0
4
17
87
42
431
5
241
2
4
0
7
6
0
62
0
16
1
148
2
65
41
22
13
22
106
3
10
527
1
1
22
8
34
0
17
363
3
487
236
233
56
27
5
145
2
2
199
10
27
187
0
3
58
4
5
71
1
1
2
70
182
12
5
7
153
0
12
75
1
202
5
3
21
563
1
161
35
1
57
2
1
12
26
378
8
72
3
371
196
1
5
385
46
488
6
3
65
2
72
64
2
31
58
159
0
36
0
2
20
3
2
28
1
2
4
3
11
527
7
19
773
0
12
161
1
162
2
12
3
6
3
36
8
3
23
4
1
229
21
4
328
26
33
2
40
2
110
507
57
9
32
33
12
2
5
1
4
71
44
1
3
9
63
0
11
2
29
69
171
36
2
3
4
119
156
3
140
11
137
2
2
132
9
2
21
49
21
0
367
29
207
13
1
3
43
96
173
2
25
4
3
2
0
1
8
19
52
3
3
11
13
2
73
89
49
119
22
36
14
19
72
13
8
110
40
0
0
486
12
3
4
37
4
11
58
224
12
2
63
220
264
140
29
49
282
4
245
2
5
176
3
182
49
153
17
215
1
96
431
25
109
56
1
0
6
1
217
7
3
35
63
1
611
323
99
221
75
3
19
14
15
407
16
47
3
117
2
231
6
0
0
87
11
1
224
18
15
3
44
4
101
67
88
3
4
99
4
29
2
3
15
209
2
4
10
678
5
20
40
30
437
324
15
56
76
212
87
13
202
15
52
478
3
22
22
69
6
7
94
8
2
19
3
6
100
195
2
7
858
5
2
28
18
55
2
1
226
1
5
3
130
34
16
3
130
0
68
20
73
6
15
15
102
0
22
13
32
48
808
75
42
6
1
10
6
2
149
191
1
1
23
82
7
2
311
98
35
2
3
0
79
11
9
269
12
8
282
0
23
2
560
0
249
424
1
277
315
141
0
6
2
0
4
0
45
1
109
1
57
1
129
112
264
0
5
169
1
46
8
0
15
2
2
190
86
28
1
121
19
4
9
37
14
152
82
14
3
59
6
21
337
11
3
4
15
2
45
10
97
310
86
7
59
27
137
300
1
4
25
54
1
5
1
1
12
57
2
0
67
5
129
1
2
27
258
767
443
13
7
2
20
2
77
200
1
19
5
34
0
412
37
27
5
8
1
0
2
0
20
43
1
2
1
22
1
0
7
65
25
433
104
3
49
4
115
3
34
9
3
7
274
26
318
53
208
160
88
9
17
8
47
146
0
23
43
12
38
1
69
8
5
62
21
297
297
51
50
52
11
9
86
26
40
11
123
90
2
8
185
16
231
7
8
2
54
11
2
154
2
18
6
28
134
29
0
113
3
1
48
22
10
31
8
3
27
1
32
3
12
21
21
0
0
4
301
96
17
4
101
1
166
1
269
137
7
2
420
10
6
23
146
4
3
91
5
2
814
30
198
23
1
377
1
23
19
0
5
16
38
2
42
5
39
4
0
3
1
39
20
5
29
19
8
17
381
2
10
755
9
0
2
35
315
659
4
1
245
5
54
4
13
26
168
3
58
348
19
1
1
18
18
36
152
3
336
1
292
0
63
3
3
58
24
0
2
235
1
51
57
1
98
230
112
2
60
7
37
1
2
158
11
281
1
9
1
35
238
17
663
17
105
1
81
251
205
364
53
1
55
1
114
27
19
2
2
36
2
61
286
30
0
386
521
2
10
20
2
145
15
431
512
0
117
96
14
19
0
278
0
1
359
75
3
131
5
2
0
0
4
60
13
27
62
1
475
26
2
262
0
18
837
1
87
14
188
69
546
277
23
14
12
441
5
125
8
0
2
180
0
2
52
13
28
37
208
4
4
76
59
2
1
445
36
16
11
5
27
820
6
47
5
40
75
0
3
4
30
0
11
22
275
137
1
10
5
4
389
561
286
2
58
53
234
16
65
73
6
3
3
91
3
2
79
469
5
326
35
1
127
2
2
105
79
4
123
1
2
208
37
10
434
3
360
4
5
19
96
318
7
20
5
45
155
2
26
25
13
2
13
13
0
103
72
433
2
71
13
3
9
3
68
6
3
33
75
1
0
82
2
266
7
4
24
0
3
3
7
4
1
214
39
19
1
111
35
11
3
15
92
40
123
1
471
317
22
140
69
4
242
5
202
220
2
11
10
24
2
0
2
80
4
145
3
42
1
270
89
5
117
124
4
3
611
91
7
4
2
2
45
1
380
170
1
3
103
48
88
4
329
18
247
42
1
37
321
191
1
2
126
41
6
16
39
10
40
173
138
11
77
1
5
3
2
114
18
35
281
15
0
91
217
27
15
3
20
51
0
210
152
43
27
167
4
407
5
3
57
2
9
2
29
1
1
4
24
14
22
219
0
2
71
32
1
241
604
18
117
119
4
82
6
94
3
7
1
8
4
1
50
1
2
487
3
198
22
112
1
0
1
23
0
98
156
3
75
38
2
1
0
75
667
11
172
3
187
93
10
5
10
107
2
40
81
179
75
46
320
15
12
5
65
19
27
43
2
0
65
1
2
3
193
10
4
32
2
13
72
4
264
19
0
0
2
28
55
17
53
7
95
5
123
2
110
1
10
185
3
122
4
373
5
368
1
3
18
11
0
5
157
42
3
1
2
4
0
9
2
18
27
18
349
36
40
301
116
0
2
487
1
115
21
157
352
360
58
2
302
3
1
50
19
2
155
86
18
128
88
545
1
49
165
0
21
76
1
15
50
4
0
479
11
320
22
7
7
421
56
4
2
208
21
449
114
12
59
1
180
82
45
101
1
89
2
6
327
46
401
77
153
17
99
22
3
39
50
8
0
3
2
4
3
3
39
192
132
3
570
73
9
4
14
147
62
47
3
64
5
43
4
82
8
9
117
1
22
74
26
94
24
20
377
12
0
6
420
151
112
20
326
4
6
1
12
13
0
64
3
39
8
5
20
11
11
155
78
2
0
13
147
21
1
162
1
1
3
10
1
737
6
291
2
3
5
15
1
20
12
197
18
3
136
174
371
17
2
264
25
5
6
45
280
84
42
5
2
51
166
10
17
1
2
3
2
0
11
14
9
37
2
39
32
3
0
11
21
3
113
55
41
2
4
2
2
4
2
117
12
12
1
59
4
3
1
7
71
52
312
13
77
3
58
37
116
41
73
22
45
1
1
63
95
115
189
1
330
6
14
34
1
2
41
4
112
31
536
8
376
27
1
197
8
29
14
5
39
237
6
7
32
250
301
3
570
41
121
18
14
112
10
3
154
355
0
148
72
56
267
1
17
34
79
32
71
4
277
127
40
1
404
77
739
56
15
6
74
171
5
1
47
266
221
0
8
24
70
5
3
5
1
64
1
120
5
37
37
9
4
29
2
27
1
2
36
21
82
14
56
207
9
74
74
1
14
754
45
8
72
0
151
8
23
74
75
1
2
8
41
0
41
2
122
2
54
67
2
6
0
35
0
22
3
27
360
42
2
1
20
